XE: 48.508179
YE: 72.440063
distance: 17.641747
